264,26.98
Nature 5 - Character Physics\DeformTerrainMaster\gravityForceLeftYFloat,Nature 5 - Character Physics\DeformTerrainMaster\gravityForceRightYFloat,Nature 5 - Character Physics\DeformTerrainMaster\gravityForceYFloat,Nature 5 - Character Physics\DeformTerrainMaster\forceNetExertedByGroundLeftYFloat,Nature 5 - Character Physics\DeformTerrainMaster\forceNetExertedByGroundRightYFloat,Nature 5 - Character Physics\DeformTerrainMaster\forceNetExertedByGroundYFloat,Nature 5 - Character Physics\DeformTerrainMaster\totalForceLeftYFloat,Nature 5 - Character Physics\DeformTerrainMaster\totalForceRightYFloat,Nature 5 - Character Physics\DeformTerrainMaster\totalForceYFloat
0.000,0.000,0.000,0.000,0.000,0.000,0.000,0.000,0.000
0.000,0.000,0.000,0.000,0.000,0.000,0.000,0.000,0.000
0.000,0.000,0.000,0.000,0.000,0.000,0.000,0.000,0.000
0.000,0.000,0.000,0.000,0.000,0.000,0.000,0.000,0.000
0.000,0.000,0.000,0.000,0.000,0.000,0.000,0.000,0.000
0.000,0.000,0.000,0.000,0.000,0.000,0.000,0.000,0.000
0.000,0.000,0.000,0.000,0.000,0.000,0.000,0.000,0.000
0.000,0.000,0.000,0.000,0.000,0.000,0.000,0.000,0.000
0.000,0.000,0.000,0.000,0.000,0.000,0.000,0.000,0.000
0.000,0.000,0.000,0.000,0.000,0.000,0.000,0.000,0.000
0.000,0.000,0.000,0.000,0.000,0.000,0.000,0.000,0.000
0.000,0.000,0.000,0.000,0.000,0.000,0.000,0.000,0.000
0.000,0.000,0.000,0.000,0.000,0.000,0.000,0.000,0.000
0.000,0.000,0.000,0.000,0.000,0.000,0.000,0.000,0.000
0.000,0.000,0.000,0.000,0.000,0.000,0.000,0.000,0.000
0.000,0.000,0.000,0.000,0.000,0.000,0.000,0.000,0.000
0.000,0.000,0.000,0.000,0.000,0.000,0.000,0.000,0.000
0.000,0.000,0.000,0.000,0.000,0.000,0.000,0.000,0.000
0.000,0.000,0.000,0.000,0.000,0.000,0.000,0.000,0.000
0.000,0.000,0.000,0.000,0.000,0.000,0.000,0.000,0.000
0.000,0.000,0.000,0.000,0.000,0.000,0.000,0.000,0.000
0.000,0.000,0.000,0.000,0.000,0.000,0.000,0.000,0.000
0.000,0.000,0.000,0.000,0.000,0.000,0.000,0.000,0.000
0.000,0.000,0.000,0.000,0.000,0.000,0.000,0.000,0.000
0.000,0.000,0.000,0.000,0.000,0.000,0.000,0.000,0.000
0.000,0.000,0.000,0.000,0.000,0.000,0.000,0.000,0.000
0.000,0.000,0.000,0.000,0.000,0.000,0.000,0.000,0.000
0.000,0.000,0.000,0.000,0.000,0.000,0.000,0.000,0.000
0.000,0.000,0.000,0.000,0.000,0.000,0.000,0.000,0.000
0.000,0.000,0.000,0.000,0.000,0.000,0.000,0.000,0.000
0.000,0.000,0.000,0.000,0.000,0.000,0.000,0.000,0.000
0.000,0.000,0.000,0.000,0.000,0.000,0.000,0.000,0.000
0.000,0.000,0.000,0.000,0.000,0.000,0.000,0.000,0.000
0.000,0.000,0.000,0.000,0.000,0.000,0.000,0.000,0.000
0.000,0.000,0.000,0.000,0.000,0.000,0.000,0.000,0.000
0.000,0.000,0.000,0.000,0.000,0.000,0.000,0.000,0.000
0.000,0.000,0.000,0.000,0.000,0.000,0.000,0.000,0.000
0.000,0.000,0.000,0.000,0.000,0.000,0.000,0.000,0.000
0.000,0.000,0.000,0.000,0.000,0.000,0.000,0.000,0.000
0.000,0.000,0.000,0.000,0.000,0.000,0.000,0.000,0.000
0.000,0.000,0.000,0.000,0.000,0.000,0.000,0.000,0.000
0.000,0.000,0.000,0.000,0.000,0.000,0.000,0.000,0.000
0.000,0.000,0.000,0.000,0.000,0.000,0.000,0.000,0.000
0.000,0.000,0.000,0.000,0.000,0.000,0.000,0.000,0.000
0.000,0.000,0.000,0.000,0.000,0.000,0.000,0.000,0.000
0.000,0.000,0.000,0.000,0.000,0.000,0.000,0.000,0.000
0.000,0.000,0.000,0.000,0.000,0.000,0.000,0.000,0.000
0.000,0.000,0.000,0.000,0.000,0.000,0.000,0.000,0.000
0.000,0.000,0.000,0.000,0.000,0.000,0.000,0.000,0.000
0.000,0.000,0.000,0.000,0.000,0.000,0.000,0.000,0.000
0.000,0.000,0.000,0.000,0.000,0.000,0.000,0.000,0.000
-367.875,-367.875,-735.750,-0.094,0.022,-0.073,367.781,367.897,735.678
-367.875,-367.875,-735.750,-1.040,0.146,-0.894,366.835,368.021,734.856
-367.875,-367.875,-735.750,-1.054,0.016,-1.038,366.821,367.891,734.712
-367.875,-367.875,-735.750,-1.198,0.286,-0.913,366.677,368.161,734.837
-367.875,-367.875,-735.750,-1.309,0.586,-0.723,366.566,368.461,735.027
-367.875,-367.875,-735.750,-0.681,0.465,-0.217,367.194,368.340,735.534
-367.875,-367.875,-735.750,-0.208,0.308,0.100,367.667,368.183,735.850
-367.875,-367.875,-735.750,-0.128,0.145,0.016,367.747,368.020,735.767
-367.875,-367.875,-735.750,-0.128,0.093,-0.035,367.747,367.968,735.715
-367.875,-367.875,-735.750,-0.836,0.270,-0.566,367.039,368.145,735.184
-367.875,-367.875,-735.750,-0.515,0.144,-0.371,367.360,368.019,735.379
-367.875,-367.875,-735.750,-0.309,0.043,-0.266,367.566,367.918,735.484
-367.875,-367.875,-735.750,-0.349,-0.162,-0.511,367.526,367.713,735.239
-367.875,-367.875,-735.750,-0.256,-0.285,-0.540,367.619,367.590,735.210
-367.875,-367.875,-735.750,-0.078,-0.125,-0.203,367.797,367.750,735.548
-367.875,-367.875,-735.750,-0.561,-0.146,-0.708,367.314,367.729,735.043
-367.875,-367.875,-735.750,-0.370,-0.080,-0.450,367.505,367.795,735.300
-367.875,-367.875,-735.750,-0.322,-0.024,-0.346,367.553,367.851,735.404
-367.875,-367.875,-735.750,-0.831,0.138,-0.693,367.044,368.013,735.057
-367.875,-367.875,-735.750,-1.219,0.201,-1.018,366.656,368.076,734.732
-367.875,-367.875,-735.750,-0.550,0.121,-0.429,367.325,367.996,735.321
-367.875,-367.875,-735.750,-1.098,0.244,-0.854,366.777,368.119,734.896
-367.875,-367.875,-735.750,-0.800,0.312,-0.488,367.075,368.187,735.262
-367.875,-367.875,-735.750,-0.522,0.391,-0.130,367.354,368.266,735.620
-367.875,-367.875,-735.750,-0.531,0.364,-0.167,367.344,368.239,735.583
-367.875,-367.875,-735.750,-0.746,0.307,-0.439,367.129,368.182,735.311
-367.875,-367.875,-735.750,-0.020,0.119,0.099,367.855,367.994,735.850
-367.875,-367.875,-735.750,0.025,0.014,0.039,367.900,367.889,735.789
-367.875,-367.875,-735.750,-0.854,0.111,-0.743,367.021,367.987,735.007
-367.875,-367.875,-735.750,-0.936,0.166,-0.770,366.939,368.041,734.980
-367.875,-367.875,-735.750,-0.293,-0.096,-0.390,367.582,367.779,735.361
-367.875,-367.875,-735.750,0.046,-0.070,-0.024,367.921,367.805,735.726
-367.875,-367.875,-735.750,0.428,-0.225,0.202,368.303,367.650,735.953
-367.875,-367.875,-735.750,1.455,-0.578,0.877,369.330,367.297,736.627
-367.875,-367.875,-735.750,0.473,-0.166,0.307,368.348,367.709,736.057
-367.875,-367.875,-735.750,1.036,-0.292,0.744,368.911,367.583,736.494
-367.875,-367.875,-735.750,1.089,-0.227,0.862,368.964,367.648,736.612
-367.875,-367.875,-735.750,0.960,-0.172,0.788,368.835,367.703,736.538
-367.875,-367.875,-735.750,0.583,-0.015,0.567,368.458,367.860,736.317
-367.875,-367.875,-735.750,0.227,0.168,0.395,368.102,368.043,736.145
-367.875,-367.875,-735.750,0.258,0.069,0.326,368.133,367.944,736.076
-367.875,-367.875,-735.750,-0.030,0.171,0.141,367.845,368.046,735.891
-367.875,-367.875,-735.750,-0.220,0.144,-0.076,367.655,368.019,735.674
-367.875,-367.875,-735.750,0.037,-0.068,-0.031,367.912,367.807,735.719
-367.875,-367.875,-735.750,0.592,-0.278,0.314,368.467,367.597,736.064
-367.875,-367.875,-735.750,0.867,-0.145,0.723,368.743,367.730,736.473
-367.875,-367.875,-735.750,0.459,-0.167,0.292,368.334,367.708,736.042
-367.875,-367.875,-735.750,-0.490,0.081,-0.409,367.385,367.956,735.341
-367.875,-367.875,-735.750,-0.460,-0.078,-0.538,367.415,367.797,735.212
-367.875,-367.875,-735.750,-0.067,0.109,0.042,367.808,367.984,735.792
-349.665,-386.085,-735.750,-147.548,-2.195,-149.743,202.117,383.890,586.007
-233.789,-501.961,-735.750,-60.746,-36.821,-97.567,173.043,465.140,638.184
-77.986,-657.764,-735.750,-10.984,-72.650,-83.634,67.003,585.113,652.116
-39.129,-696.621,-735.750,-4.882,-73.729,-78.611,34.247,622.892,657.140
-113.672,-622.079,-735.750,0.057,-68.478,-68.421,113.728,553.600,667.329
-310.707,-425.043,-735.750,99.736,-114.348,-14.612,410.443,310.695,721.138
-571.517,-164.233,-735.750,146.850,-47.172,99.678,718.367,117.061,835.428
-735.750,0.000,-735.750,13.138,0.000,13.138,748.888,0.000,748.888
-735.750,0.000,-735.750,-15.262,0.000,-15.262,720.489,0.000,720.489
-735.750,0.000,-735.750,-27.271,0.000,-27.271,708.479,0.000,708.479
-728.571,-7.179,-735.750,-18.036,2.447,-15.589,710.535,9.626,720.161
-728.668,-7.082,-735.750,-18.704,2.429,-16.275,709.964,9.511,719.475
-713.602,-22.148,-735.750,-29.893,0.448,-29.446,683.709,22.596,706.305
-673.503,-62.247,-735.750,-100.973,-4.901,-105.874,572.530,57.346,629.876
-520.284,-215.466,-735.750,-101.188,31.995,-69.193,419.096,247.462,666.558
-289.743,-446.007,-735.750,-84.426,92.495,8.069,205.317,538.502,743.819
0.000,-735.750,-735.750,0.000,65.617,65.617,0.000,801.367,801.367
0.000,-735.750,-735.750,0.000,42.629,42.629,0.000,778.379,778.379
0.000,-735.750,-735.750,0.000,-10.342,-10.342,0.000,725.408,725.408
0.000,-735.750,-735.750,0.000,-24.603,-24.603,0.000,711.147,711.147
-22.652,-713.098,-735.750,6.577,-30.153,-23.576,29.229,682.946,712.174
-17.443,-718.307,-735.750,4.750,-34.900,-30.151,22.193,683.406,705.599
-28.083,-707.667,-735.750,-0.306,-67.257,-67.563,27.777,640.410,668.187
-67.581,-668.169,-735.750,-7.708,-99.004,-106.712,59.873,569.165,629.038
-310.868,-424.882,-735.750,101.941,-119.222,-17.281,412.809,305.660,718.469
-540.827,-194.923,-735.750,119.488,-49.897,69.591,660.314,145.027,805.341
-735.750,0.000,-735.750,37.836,0.000,37.836,773.586,0.000,773.586
-735.750,0.000,-735.750,-15.800,0.000,-15.800,719.951,0.000,719.951
-735.750,0.000,-735.750,-15.996,0.000,-15.996,719.754,0.000,719.754
-728.949,-6.801,-735.750,-17.572,2.188,-15.384,711.378,8.989,720.367
-728.155,-7.595,-735.750,-18.576,2.745,-15.831,709.579,10.340,719.920
-703.679,-32.071,-735.750,-66.130,-3.140,-69.270,637.548,28.931,666.480
-673.465,-62.285,-735.750,-63.373,-2.966,-66.339,610.092,59.319,669.411
-520.289,-215.461,-735.750,-90.559,28.585,-61.974,429.730,244.046,673.776
-146.777,-588.973,-735.750,-110.931,102.383,-8.548,35.845,691.356,727.202
0.000,-735.750,-735.750,0.000,71.028,71.028,0.000,806.779,806.779
0.000,-735.750,-735.750,0.000,17.410,17.410,0.000,753.160,753.160
0.000,-735.750,-735.750,0.000,-8.777,-8.777,0.000,726.973,726.973
0.000,-735.750,-735.750,0.000,-22.414,-22.414,0.000,713.336,713.336
-20.413,-715.338,-735.750,10.822,-52.485,-41.663,31.235,662.853,694.087
-17.418,-718.332,-735.750,5.900,-43.136,-37.235,23.318,675.196,698.515
-38.823,-696.927,-735.750,-4.881,-70.308,-75.189,33.942,626.619,660.561
-125.474,-610.276,-735.750,2.715,-125.680,-122.965,128.189,484.597,612.786
-311.177,-424.573,-735.750,101.086,-122.693,-21.607,412.263,301.880,714.143
-572.600,-163.150,-735.750,92.384,-35.556,56.827,664.984,127.594,792.577
-735.750,0.000,-735.750,87.513,0.000,87.513,823.263,0.000,823.263
-735.750,0.000,-735.750,-14.184,0.000,-14.184,721.566,0.000,721.566
-735.750,0.000,-735.750,-7.496,0.000,-7.496,728.254,0.000,728.254
-729.197,-6.553,-735.750,-17.856,2.096,-15.760,711.341,8.649,719.990
-728.588,-7.162,-735.750,-18.787,2.501,-16.285,709.801,9.664,719.465
-716.075,-19.675,-735.750,-44.252,1.353,-42.899,671.823,21.028,692.851
-673.678,-62.072,-735.750,-110.556,-6.261,-116.817,563.123,55.811,618.933
-520.279,-215.471,-735.750,-98.693,31.222,-67.471,421.586,246.693,668.279
-184.414,-551.336,-735.750,-87.865,84.632,-3.233,96.548,635.969,732.517
0.000,-735.750,-735.750,0.000,97.907,97.907,0.000,833.657,833.657
0.000,-735.750,-735.750,0.000,8.861,8.861,0.000,744.612,744.612
0.000,-735.750,-735.750,0.000,-12.644,-12.644,0.000,723.106,723.106
0.000,-735.750,-735.750,0.000,-27.166,-27.166,0.000,708.585,708.585
-16.780,-718.970,-735.750,8.365,-42.695,-34.330,25.145,676.275,701.420
-23.284,-712.467,-735.750,0.560,-52.167,-51.608,23.843,660.299,684.143
-39.386,-696.364,-735.750,-2.854,-44.935,-47.789,36.531,651.429,687.961
-159.305,-576.445,-735.750,12.091,-135.983,-123.892,171.396,440.462,611.859
-315.714,-420.036,-735.750,186.301,-212.415,-26.114,502.015,207.622,709.636
-571.800,-163.951,-735.750,99.131,-33.330,65.801,670.931,130.621,801.552
-735.750,0.000,-735.750,-2.489,0.000,-2.489,733.261,0.000,733.261
-735.750,0.000,-735.750,-8.476,0.000,-8.476,727.274,0.000,727.274
-735.750,0.000,-735.750,-15.718,0.000,-15.718,720.032,0.000,720.032
-725.821,-9.929,-735.750,-23.584,4.101,-19.483,702.237,14.030,716.267
-728.232,-7.518,-735.750,-29.739,4.327,-25.413,698.493,11.845,710.337
-703.510,-32.241,-735.750,-75.117,-2.438,-77.555,628.393,29.803,658.195
-654.021,-81.729,-735.750,-158.190,-4.924,-163.114,495.831,76.806,572.636
-520.403,-215.348,-735.750,-65.380,19.928,-45.452,455.023,235.276,690.298
-147.068,-588.682,-735.750,-103.282,100.448,-2.834,43.786,689.131,732.916
0.000,-735.750,-735.750,0.000,74.087,74.087,0.000,809.837,809.837
0.000,-735.750,-735.750,0.000,19.119,19.119,0.000,754.869,754.869
0.000,-735.750,-735.750,0.000,-13.434,-13.434,0.000,722.316,722.316
0.000,-735.750,-735.750,0.000,-50.336,-50.336,0.000,685.414,685.414
-18.479,-717.271,-735.750,9.266,-48.446,-39.181,27.745,668.825,696.569
-23.301,-712.449,-735.750,0.664,-56.179,-55.515,23.965,656.270,680.235
-39.492,-696.258,-735.750,-5.101,-81.790,-86.892,34.390,614.468,648.859
-159.313,-576.437,-735.750,11.457,-129.849,-118.392,170.770,446.588,617.358
-435.337,-300.413,-735.750,129.215,-85.020,44.195,564.552,215.393,779.945
-613.448,-122.302,-735.750,118.536,-26.757,91.779,731.984,95.546,827.529
-735.750,0.000,-735.750,-2.903,0.000,-2.903,732.848,0.000,732.848
-735.750,0.000,-735.750,-8.719,0.000,-8.719,727.031,0.000,727.031
-727.555,-8.195,-735.750,-14.262,1.972,-12.290,713.293,10.168,723.460
-725.662,-10.088,-735.750,-22.078,3.930,-18.148,703.584,14.018,717.602
-722.463,-13.287,-735.750,-36.655,1.920,-34.736,685.807,15.207,701.014
-688.935,-46.815,-735.750,-101.716,-3.920,-105.636,587.219,42.895,630.114
-615.440,-120.310,-735.750,-95.155,-0.688,-95.843,520.285,119.622,639.907
-370.305,-365.445,-735.750,-62.461,62.337,-0.124,307.844,427.782,735.626
-149.730,-586.020,-735.750,-94.055,138.755,44.700,55.675,724.775,780.450
0.000,-735.750,-735.750,0.000,49.053,49.053,0.000,784.804,784.804
0.000,-735.750,-735.750,0.000,-19.402,-19.402,0.000,716.348,716.348
0.000,-735.750,-735.750,0.000,-10.829,-10.829,0.000,724.921,724.921
-22.954,-712.796,-735.750,11.268,-55.115,-43.847,34.222,657.681,691.903
-17.678,-718.072,-735.750,6.038,-44.573,-38.535,23.716,673.499,697.215
-23.299,-712.451,-735.750,0.331,-28.439,-28.108,23.631,684.012,707.643
-66.161,-669.589,-735.750,-7.893,-99.040,-106.933,58.268,570.549,628.817
-159.221,-576.529,-735.750,11.711,-120.663,-108.953,170.932,455.866,626.798
-435.401,-300.350,-735.750,78.725,-52.229,26.497,514.126,248.121,762.247
-641.298,-94.452,-735.750,125.645,-27.256,98.389,766.943,67.197,834.140
-735.750,0.000,-735.750,-2.230,0.000,-2.230,733.520,0.000,733.520
-735.750,0.000,-735.750,-5.067,0.000,-5.067,730.683,0.000,730.683
-735.750,0.000,-735.750,-13.713,0.000,-13.713,722.038,0.000,722.038
-725.650,-10.100,-735.750,-24.378,4.351,-20.027,701.272,14.451,715.723
-728.045,-7.705,-735.750,-23.012,3.479,-19.533,705.033,11.184,716.217
-703.488,-32.262,-735.750,-68.432,-2.083,-70.514,635.056,30.180,665.236
-638.763,-96.988,-735.750,-174.546,-3.877,-178.423,464.217,93.111,557.328
-520.048,-215.702,-735.750,-93.603,31.757,-61.846,426.445,247.459,673.904
-174.215,-561.535,-735.750,-108.359,103.926,-4.433,65.856,665.461,731.317
0.000,-735.750,-735.750,0.000,48.205,48.205,0.000,783.955,783.955
0.000,-735.750,-735.750,0.000,8.422,8.422,0.000,744.172,744.172
0.000,-735.750,-735.750,0.000,-10.660,-10.660,0.000,725.090,725.090
0.000,-735.750,-735.750,0.000,-26.349,-26.349,0.000,709.402,709.402
-16.727,-719.023,-735.750,8.940,-48.372,-39.433,25.667,670.651,696.317
-20.170,-715.580,-735.750,3.107,-43.655,-40.548,23.277,671.925,695.202
-38.821,-696.929,-735.750,-4.976,-71.671,-76.647,33.846,625.258,659.104
-159.268,-576.482,-735.750,11.537,-125.072,-113.535,170.805,451.410,622.215
-435.589,-300.161,-735.750,121.529,-82.490,39.039,557.118,217.671,774.789
-571.809,-163.941,-735.750,96.954,-32.659,64.295,668.763,131.282,800.045
-735.750,0.000,-735.750,-3.155,0.000,-3.155,732.595,0.000,732.595
-735.750,0.000,-735.750,-7.668,0.000,-7.668,728.082,0.000,728.082
-735.750,0.000,-735.750,-8.659,0.000,-8.659,727.092,0.000,727.092
-725.814,-9.936,-735.750,-23.446,4.083,-19.363,702.368,14.019,716.387
-728.071,-7.679,-735.750,-20.156,2.528,-17.628,707.915,10.207,718.122
-703.551,-32.199,-735.750,-70.187,-2.529,-72.716,633.364,29.671,663.034
-616.021,-119.729,-735.750,-126.582,-1.207,-127.789,489.439,118.521,607.961
-520.010,-215.740,-735.750,-143.649,49.369,-94.281,376.361,265.109,641.469
-147.233,-588.517,-735.750,-91.656,91.768,0.112,55.577,680.285,735.862
0.000,-735.750,-735.750,0.000,51.799,51.799,0.000,787.549,787.549
0.000,-735.750,-735.750,0.000,4.189,4.189,0.000,739.939,739.939
0.000,-735.750,-735.750,0.000,-13.577,-13.577,0.000,722.173,722.173
0.000,-735.750,-735.750,0.000,-23.573,-23.573,0.000,712.177,712.177
-18.991,-716.759,-735.750,8.680,-44.486,-35.806,27.671,672.272,699.944
-18.597,-717.153,-735.750,4.505,-41.891,-37.386,23.101,675.263,698.364
-65.060,-670.690,-735.750,-7.183,-91.015,-98.198,57.878,579.674,637.552
-159.314,-576.437,-735.750,11.025,-124.905,-113.880,170.338,451.532,621.870
-435.075,-300.675,-735.750,124.334,-79.224,45.111,559.410,221.451,780.861
-649.703,-86.048,-735.750,135.687,-29.206,106.481,785.390,56.842,842.231
-735.750,0.000,-735.750,-2.179,0.000,-2.179,733.571,0.000,733.571
-735.750,0.000,-735.750,-8.105,0.000,-8.105,727.645,0.000,727.645
-735.750,0.000,-735.750,-15.952,0.000,-15.952,719.798,0.000,719.798
-725.903,-9.847,-735.750,-19.701,3.385,-16.316,706.202,13.232,719.434
-613.263,-122.487,-735.750,-3.602,24.730,21.128,609.661,147.217,756.878
-454.524,-281.227,-735.750,12.283,35.275,47.559,466.807,316.502,783.309
-367.875,-367.875,-735.750,-0.016,-0.089,-0.105,367.859,367.786,735.645
-367.875,-367.875,-735.750,0.227,-0.086,0.141,368.102,367.789,735.891
-367.875,-367.875,-735.750,0.974,-0.211,0.763,368.849,367.664,736.513
-367.875,-367.875,-735.750,1.059,-0.209,0.850,368.934,367.666,736.600
-367.875,-367.875,-735.750,1.112,-0.161,0.951,368.987,367.714,736.701
-367.875,-367.875,-735.750,0.648,-0.042,0.607,368.524,367.834,736.357
-367.875,-367.875,-735.750,-0.427,0.096,-0.331,367.448,367.971,735.419
-367.875,-367.875,-735.750,-1.126,0.197,-0.929,366.750,368.072,734.821
-367.875,-367.875,-735.750,-1.976,-0.062,-2.038,365.899,367.813,733.712
-367.875,-367.875,-735.750,-1.223,0.215,-1.008,366.652,368.090,734.742
-367.875,-367.875,-735.750,-1.256,0.459,-0.797,366.619,368.335,734.953
-367.875,-367.875,-735.750,-0.398,0.249,-0.150,367.477,368.124,735.601
-367.875,-367.875,-735.750,-0.394,0.509,0.116,367.481,368.384,735.866
-367.875,-367.875,-735.750,-0.223,0.334,0.111,367.652,368.210,735.862
-367.875,-367.875,-735.750,-0.306,0.295,-0.011,367.569,368.170,735.739
-367.875,-367.875,-735.750,-0.445,0.176,-0.268,367.430,368.051,735.482
-367.875,-367.875,-735.750,-1.350,0.448,-0.902,366.525,368.323,734.848
