260,26.85
Nature 5 - Character Physics\DeformTerrainMaster\gravityForceLeftYFloat,Nature 5 - Character Physics\DeformTerrainMaster\gravityForceRightYFloat,Nature 5 - Character Physics\DeformTerrainMaster\gravityForceYFloat,Nature 5 - Character Physics\DeformTerrainMaster\forceNetExertedByGroundLeftYFloat,Nature 5 - Character Physics\DeformTerrainMaster\forceNetExertedByGroundRightYFloat,Nature 5 - Character Physics\DeformTerrainMaster\forceNetExertedByGroundYFloat,Nature 5 - Character Physics\DeformTerrainMaster\totalForceLeftYFloat,Nature 5 - Character Physics\DeformTerrainMaster\totalForceRightYFloat,Nature 5 - Character Physics\DeformTerrainMaster\totalForceYFloat
0.000,0.000,0.000,0.000,0.000,0.000,0.000,0.000,0.000
-367.875,-367.875,-735.750,959.159,984.493,1943.652,1327.034,1352.368,2679.402
-367.875,-367.875,-735.750,328.559,314.333,642.891,696.434,682.208,1378.641
-367.875,-367.875,-735.750,734.822,726.212,1461.034,1102.697,1094.087,2196.784
-367.875,-367.875,-735.750,529.999,458.015,988.013,897.874,825.890,1723.763
-367.875,-367.875,-735.750,236.740,446.049,445.003,366.830,813.924,1180.753
-367.875,-367.875,-735.750,236.740,7.686,6.361,366.550,375.561,742.111
-367.875,-367.875,-735.750,2.318,0.113,2.431,370.193,367.988,738.181
-367.875,-367.875,-735.750,0.872,0.008,0.880,368.747,367.883,736.630
-367.875,-367.875,-735.750,0.585,0.302,0.559,362.137,368.177,730.314
-367.875,-367.875,-735.750,1.325,0.027,1.352,369.200,367.902,737.102
-367.875,-367.875,-735.750,0.592,0.064,0.524,367.613,367.939,735.552
-367.875,-367.875,-735.750,0.592,0.352,0.524,365.833,368.227,734.060
-367.875,-367.875,-735.750,0.020,0.508,0.060,367.427,368.384,735.810
-367.875,-367.875,-735.750,0.910,0.625,1.535,368.785,368.500,737.285
-367.875,-367.875,-735.750,0.131,0.363,0.493,368.006,368.238,736.243
-367.875,-367.875,-735.750,0.481,0.372,0.853,368.356,368.247,736.603
-367.875,-367.875,-735.750,0.247,0.126,0.192,367.728,368.001,735.728
-367.875,-367.875,-735.750,0.247,0.313,0.192,363.002,368.188,731.191
-367.875,-367.875,-735.750,0.247,0.172,0.192,364.121,368.047,732.168
-367.875,-367.875,-735.750,0.247,0.015,0.192,363.909,367.819,731.727
-367.875,-367.875,-735.750,0.247,0.015,0.192,366.210,367.650,733.860
-367.875,-367.875,-735.750,0.309,0.015,0.032,368.184,367.598,735.782
-367.875,-367.875,-735.750,0.761,0.015,0.660,368.636,367.774,736.410
-367.875,-367.875,-735.750,0.419,0.015,0.330,368.294,367.787,736.080
-367.875,-367.875,-735.750,1.364,0.015,1.329,369.239,367.840,737.080
-367.875,-367.875,-735.750,0.079,0.002,0.089,365.196,367.862,733.057
-367.875,-367.875,-735.750,0.077,0.195,0.272,367.952,368.070,736.022
-367.875,-367.875,-735.750,0.082,0.194,0.119,367.800,368.069,735.869
-367.875,-367.875,-735.750,0.149,0.213,0.271,367.027,368.089,735.116
-367.875,-367.875,-735.750,0.149,0.222,0.271,367.027,368.097,735.124
-367.875,-367.875,-735.750,0.355,0.170,0.525,368.230,368.045,736.275
-367.875,-367.875,-735.750,0.171,0.551,0.189,367.513,368.426,735.939
-367.875,-367.875,-735.750,0.171,0.401,0.189,364.991,368.276,733.267
-367.875,-367.875,-735.750,0.171,0.078,0.189,366.892,367.953,734.846
-340.227,-395.524,-735.750,0.171,0.089,0.189,-290.832,391.612,100.780
-114.795,-620.955,-735.750,0.171,0.089,0.189,-210.496,592.647,382.151
-31.140,-704.610,-735.750,0.171,0.089,0.189,-10.967,-1412.334,-1423.301
-67.850,-667.900,-735.750,61.727,3223.162,3284.889,129.577,3891.062,4020.639
-231.382,-504.368,-735.750,553.663,1064.271,1617.934,785.044,1568.640,2353.684
-433.346,-302.404,-735.750,589.673,149.045,738.718,1023.019,451.449,1474.468
-695.621,-40.129,-735.750,971.378,3.328,969.769,1666.999,38.520,1705.519
-735.750,0.000,-735.750,971.378,3.328,969.769,-1952.730,0.000,-1952.730
-735.750,0.000,-735.750,1258.989,3.328,1258.989,1994.739,0.000,1994.739
-728.479,-7.271,-735.750,1843.074,22.617,1865.690,2571.553,29.888,2601.440
-724.915,-10.835,-735.750,411.348,0.370,411.717,1136.263,11.205,1147.467
-722.598,-13.152,-735.750,1092.460,0.964,1096.180,-408.876,14.116,-394.761
-686.043,-49.707,-735.750,225.559,2.874,223.420,616.776,37.217,653.993
-615.239,-120.511,-735.750,352.107,9.954,362.061,967.346,130.465,1097.811
-370.606,-365.144,-735.750,16.878,222.135,239.013,387.483,587.279,974.763
-149.242,-586.508,-735.750,43.359,527.745,571.104,192.601,1114.253,1306.854
-32.523,-703.227,-735.750,43.359,54.577,87.221,-109.421,757.803,648.382
0.000,-735.750,-735.750,43.359,1.824,1.824,0.000,737.574,737.574
0.000,-735.750,-735.750,43.359,393.609,393.609,0.000,-19.500,-19.500
-17.660,-718.090,-735.750,10.133,405.949,417.024,27.793,-500.233,-472.440
-17.530,-718.220,-735.750,8.488,670.253,684.069,26.018,653.344,679.362
-166.546,-569.204,-735.750,80.851,179.638,116.045,102.953,748.842,851.795
-357.499,-378.251,-735.750,289.779,1516.908,1789.776,647.278,-147.735,499.542
-367.875,-367.875,-735.750,77.199,1516.908,1789.776,445.074,-52.921,392.153
-367.875,-367.875,-735.750,91.846,248.690,340.535,459.721,616.565,1076.285
-367.875,-367.875,-735.750,104.673,2678.610,2783.282,472.548,3046.485,3519.032
-367.875,-367.875,-735.750,5.953,262.746,268.699,373.828,630.621,1004.449
-367.875,-367.875,-735.750,1.566,34.558,36.124,369.441,402.433,771.874
-367.875,-367.875,-735.750,0.038,0.002,0.267,367.913,364.144,732.057
-367.875,-367.875,-735.750,0.038,5.072,4.749,367.552,372.947,740.499
-367.875,-367.875,-735.750,0.038,6.877,5.963,366.961,374.752,741.713
-367.875,-367.875,-735.750,0.038,2.127,0.769,367.075,366.940,734.015
-367.875,-367.875,-735.750,0.038,3.914,2.368,366.329,371.789,738.118
-367.875,-367.875,-735.750,0.038,5.371,4.763,367.267,373.246,740.513
-367.875,-367.875,-735.750,0.025,0.724,0.413,367.770,357.328,725.098
-367.875,-367.875,-735.750,0.025,0.724,0.413,367.439,355.141,722.580
-367.875,-367.875,-735.750,0.025,0.724,0.413,366.931,355.064,721.995
-367.875,-367.875,-735.750,0.025,7.090,5.863,366.648,374.966,741.613
-367.875,-367.875,-735.750,0.025,13.862,13.310,367.323,381.737,749.060
-274.185,-461.565,-735.750,0.025,11.894,11.643,-21.915,-672.640,-694.555
-179.176,-556.574,-735.750,177.840,1925.012,2102.851,357.016,2481.585,2838.602
-37.045,-698.705,-735.750,17.327,103.096,37.442,-12.348,-3293.646,-3305.995
-67.998,-667.752,-735.750,93.201,1115.327,1100.167,161.199,-295.481,-134.282
-311.524,-424.226,-735.750,261.337,78.924,184.542,572.860,347.432,920.292
-474.509,-261.241,-735.750,104.363,1041.572,1501.379,578.872,-78.169,500.703
-695.357,-40.393,-735.750,128.440,72.029,303.223,573.051,112.423,685.473
-724.182,-11.568,-735.750,119.726,5.246,113.322,514.719,5.605,520.324
-735.750,0.000,-735.750,200.574,0.451,200.574,936.324,0.000,936.324
-729.365,-6.385,-735.750,107.191,3.047,110.238,836.556,9.432,845.989
-725.832,-9.918,-735.750,46.029,1.142,47.171,771.861,11.060,782.921
-724.676,-11.075,-735.750,83.468,1.475,84.943,808.144,12.549,820.693
-677.927,-57.823,-735.750,83.468,0.344,84.943,464.153,45.438,509.590
-424.219,-311.531,-735.750,83.468,126.696,28.678,-366.141,438.227,72.086
-363.920,-371.830,-735.750,83.468,69.501,28.678,266.364,441.332,707.696
-367.875,-367.875,-735.750,355.606,8.922,364.528,723.481,376.797,1100.278
-367.875,-367.875,-735.750,88.000,0.308,88.308,455.876,368.183,824.059
-367.875,-367.875,-735.750,37.334,0.042,36.984,405.209,367.525,772.735
-367.875,-367.875,-735.750,1.670,0.042,1.445,369.545,367.650,737.195
-367.875,-367.875,-735.750,0.377,0.042,0.367,368.252,367.866,736.118
-367.875,-367.875,-735.750,0.043,0.042,0.037,367.737,367.917,735.654
-347.883,-387.867,-735.750,0.043,0.182,0.037,222.106,386.555,608.661
-218.174,-517.576,-735.750,1.937,0.182,0.037,220.112,488.268,708.380
-77.422,-658.328,-735.750,1.937,0.182,0.037,-53.571,547.771,494.201
-43.986,-691.764,-735.750,27.057,0.182,0.037,71.043,524.531,595.574
-159.269,-576.481,-735.750,137.044,0.182,5.305,296.313,444.742,741.055
-394.684,-341.067,-735.750,238.857,0.182,184.374,244.362,262.729,507.092
-571.474,-164.276,-735.750,238.857,0.182,184.374,380.181,149.935,530.116
-735.750,0.000,-735.750,343.300,0.182,343.300,1079.051,0.000,1079.051
-735.750,0.000,-735.750,1447.254,0.182,1447.254,2183.004,0.000,2183.004
-735.750,0.000,-735.750,171.341,0.182,171.341,907.091,0.000,907.091
-725.637,-10.113,-735.750,70.877,13.905,83.582,286.108,24.018,310.126
-728.431,-7.319,-735.750,70.877,9.174,83.582,265.325,16.493,281.818
-703.617,-32.133,-735.750,685.535,9.174,617.464,1389.151,-35.938,1353.214
-662.453,-73.297,-735.750,582.298,9.174,553.418,-835.196,53.339,-781.857
-520.393,-215.357,-735.750,2.270,10.741,13.011,522.663,226.098,748.761
-147.411,-588.339,-735.750,150.260,85.672,39.504,101.243,674.011,775.254
-80.118,-655.632,-735.750,12.804,104.666,117.469,92.922,760.298,853.219
0.000,-735.750,-735.750,12.923,118.427,118.427,0.000,642.032,642.032
-9.563,-726.187,-735.750,12.923,118.427,118.427,7.885,704.360,712.245
-9.197,-726.553,-735.750,8.055,55.975,64.030,17.252,782.528,799.780
-21.761,-713.989,-735.750,20.510,25.551,10.192,-17.907,658.923,641.016
-20.618,-715.132,-735.750,1.652,170.282,171.934,22.270,885.414,907.684
-36.069,-699.681,-735.750,3.150,251.374,254.524,28.005,455.843,483.848
-67.884,-667.866,-735.750,3.150,347.668,346.575,66.791,1015.534,1082.325
-332.361,-403.389,-735.750,151.149,347.668,346.575,483.510,191.385,674.895
-404.135,-331.615,-735.750,41.846,34.579,76.425,445.982,366.194,812.175
-367.875,-367.875,-735.750,1.825,11.222,13.047,369.701,379.097,748.798
-367.875,-367.875,-735.750,0.576,1.010,1.586,368.451,368.885,737.336
-220.354,-515.396,-735.750,0.576,1.010,1.586,192.640,494.349,686.988
-24.451,-711.300,-735.750,4.890,1.010,1.586,20.451,586.773,607.223
-67.438,-668.312,-735.750,1.428,33.467,34.675,68.866,664.061,732.927
-159.228,-576.522,-735.750,17.670,33.467,34.675,176.898,464.475,641.372
-434.890,-300.860,-735.750,113.861,33.467,37.886,548.752,224.884,773.636
-622.520,-113.230,-735.750,201.078,33.467,156.671,823.598,68.823,892.421
-735.750,0.000,-735.750,24.907,33.467,24.907,760.657,0.000,760.657
-735.750,0.000,-735.750,139.024,33.467,139.024,556.440,0.000,556.440
-735.750,0.000,-735.750,1.039,33.467,1.039,715.476,0.000,715.476
-725.888,-9.862,-735.750,91.596,4.128,95.724,817.484,13.990,831.474
-728.098,-7.652,-735.750,47.693,3.459,51.152,775.791,11.111,786.902
-712.440,-23.310,-735.750,47.693,1.018,51.152,633.858,22.847,656.705
-673.529,-62.221,-735.750,47.693,1.018,51.152,612.322,59.576,671.898
-520.030,-215.720,-735.750,47.693,52.091,51.152,364.741,267.810,632.551
-147.161,-588.589,-735.750,47.693,100.332,6.829,53.658,688.921,742.579
0.000,-735.750,-735.750,47.693,128.670,128.670,0.000,864.420,864.420
-189.318,-546.432,-735.750,52.049,1.895,53.945,241.368,548.327,789.695
-349.014,-386.736,-735.750,300.382,6.593,306.976,649.396,393.330,1042.726
-367.875,-367.875,-735.750,13.181,8.298,21.479,381.056,376.173,757.229
-367.875,-367.875,-735.750,1.067,0.489,1.556,368.942,368.364,737.306
-367.875,-367.875,-735.750,1.054,0.120,0.954,368.929,367.775,736.704
-367.875,-367.875,-735.750,0.738,0.120,0.592,368.613,367.729,736.342
-367.875,-367.875,-735.750,0.717,0.120,0.687,368.592,367.845,736.437
-367.875,-367.875,-735.750,0.207,0.120,0.148,368.082,367.816,735.898
-367.875,-367.875,-735.750,0.049,0.151,0.022,367.269,368.027,735.296
-367.875,-367.875,-735.750,0.049,0.097,0.022,366.854,367.875,734.729
-343.353,-392.397,-735.750,0.049,0.097,0.022,248.360,390.638,638.998
-134.131,-601.619,-735.750,0.049,0.097,0.022,129.258,533.328,662.586
-32.760,-702.990,-735.750,0.949,0.097,0.022,31.537,677.558,709.094
-68.004,-667.746,-735.750,0.949,0.097,0.022,56.550,529.843,586.394
-311.066,-424.684,-735.750,92.456,0.097,18.427,403.523,326.094,729.616
-545.070,-190.680,-735.750,85.339,0.097,30.231,630.409,135.573,765.981
-735.750,0.000,-735.750,82.945,0.097,82.945,818.695,0.000,818.695
-735.750,0.000,-735.750,1.073,0.097,1.073,704.526,0.000,704.526
-735.750,0.000,-735.750,12.988,0.097,12.988,725.583,0.000,725.583
-729.468,-6.282,-735.750,12.988,1.860,12.988,725.034,8.142,733.175
-728.665,-7.085,-735.750,22.742,2.033,24.775,751.407,9.118,760.525
-718.682,-17.068,-735.750,30.920,0.694,33.546,651.157,17.762,668.919
-673.716,-62.034,-735.750,30.920,0.694,33.546,585.752,56.042,641.794
-534.414,-201.336,-735.750,30.920,17.339,33.546,411.517,218.675,630.192
-371.344,-364.406,-735.750,30.920,82.541,16.725,305.528,446.947,752.475
-78.347,-657.403,-735.750,30.920,31.827,12.611,59.131,689.230,748.361
0.000,-735.750,-735.750,30.920,63.235,63.235,0.000,798.985,798.985
0.000,-735.750,-735.750,30.920,6.620,6.620,0.000,742.370,742.370
0.000,-735.750,-735.750,30.920,13.704,13.704,0.000,730.723,730.723
-21.029,-714.721,-735.750,9.544,4.376,4.376,30.573,610.660,641.233
-17.427,-718.323,-735.750,9.654,56.977,66.631,27.081,775.300,802.381
-122.530,-613.220,-735.750,9.439,1.968,11.407,131.968,615.189,747.157
-251.646,-484.104,-735.750,28.090,13.539,41.629,279.736,497.643,777.379
-367.875,-367.875,-735.750,2.705,2.785,5.490,370.580,370.660,741.240
-367.875,-367.875,-735.750,6.305,0.209,6.513,374.180,368.084,742.263
-367.875,-367.875,-735.750,0.595,0.042,0.465,368.470,367.746,736.216
-367.875,-367.875,-735.750,1.047,0.042,0.827,368.923,367.654,736.577
-367.875,-367.875,-735.750,0.472,0.042,0.453,368.348,367.855,736.203
-367.875,-367.875,-735.750,0.486,0.042,0.429,368.361,367.818,736.179
-238.354,-497.396,-735.750,0.249,0.042,0.225,167.086,464.973,632.059
-112.527,-623.223,-735.750,3.611,0.042,0.225,116.138,565.466,681.603
-38.681,-697.069,-735.750,3.611,0.042,0.225,35.344,658.477,693.820
-68.021,-667.729,-735.750,3.611,0.042,0.225,57.780,543.659,601.439
-330.650,-405.100,-735.750,202.586,22.209,224.796,533.237,427.309,960.546
-571.254,-164.497,-735.750,360.264,22.209,330.189,931.518,134.421,1065.939
-735.750,0.000,-735.750,35.806,31.361,35.806,722.559,0.000,722.559
-735.750,0.000,-735.750,139.843,31.361,139.843,875.593,0.000,875.593
-735.750,0.000,-735.750,12.792,31.361,12.792,695.714,0.000,695.714
-728.586,-7.164,-735.750,5.253,2.291,7.006,670.306,9.455,679.761
-728.506,-7.244,-735.750,21.659,2.750,24.798,668.988,9.994,678.983
-722.512,-13.238,-735.750,10.111,2.613,12.724,732.623,15.851,748.474
-673.571,-62.180,-735.750,10.111,0.882,12.724,574.969,57.753,632.722
-520.319,-215.431,-735.750,10.111,31.180,12.724,461.467,246.611,708.078
-371.867,-363.883,-735.750,10.111,93.150,37.271,315.989,457.033,773.021
0.000,-735.750,-735.750,10.111,41.786,41.786,0.000,777.536,777.536
0.000,-735.750,-735.750,10.111,25.626,25.626,0.000,761.376,761.376
0.000,-735.750,-735.750,10.111,20.342,20.342,0.000,756.092,756.092
0.000,-735.750,-735.750,10.111,13.144,13.144,0.000,706.484,706.484
-18.410,-717.340,-735.750,10.844,18.921,27.257,29.254,586.960,616.214
-17.212,-718.538,-735.750,9.643,11.650,14.978,26.855,546.849,573.704
-29.616,-706.134,-735.750,0.889,11.650,14.978,28.322,635.274,663.596
-66.217,-669.533,-735.750,0.889,11.650,14.978,51.906,447.194,499.100
-379.182,-356.568,-735.750,149.185,2.549,149.080,528.367,356.462,884.830
-443.019,-292.731,-735.750,141.507,55.070,196.577,584.526,347.801,932.327
-367.875,-367.875,-735.750,3.390,90.857,94.247,371.266,458.732,829.997
-367.875,-367.875,-735.750,2.555,90.857,2.193,370.430,367.514,737.943
-367.875,-367.875,-735.750,23.960,5.759,29.719,391.835,373.634,765.469
-367.875,-367.875,-735.750,3.890,5.080,8.970,371.765,372.955,744.720
-367.875,-367.875,-735.750,1.018,0.046,1.064,368.893,367.921,736.814
-367.875,-367.875,-735.750,0.657,0.008,0.601,368.533,367.819,736.351
-367.875,-367.875,-735.750,0.037,0.042,0.028,367.734,367.917,735.651
-367.875,-367.875,-735.750,0.037,0.192,0.028,366.741,368.067,734.808
-367.875,-367.875,-735.750,0.037,0.010,0.028,366.829,367.865,734.694
-367.875,-367.875,-735.750,0.037,0.196,0.028,366.616,368.071,734.687
-367.875,-367.875,-735.750,0.037,0.552,0.028,366.291,368.427,734.718
-289.266,-446.484,-735.750,0.037,0.565,0.028,181.440,432.109,613.549
-117.592,-618.158,-735.750,10.948,0.565,0.028,128.540,599.065,727.605
-35.211,-700.539,-735.750,3.059,106.920,109.979,22.814,509.213,532.027
-82.107,-653.643,-735.750,3.059,106.920,109.979,78.055,570.457,648.512
-311.348,-424.402,-735.750,94.100,106.920,109.979,405.449,325.832,731.281
-556.873,-178.877,-735.750,193.051,106.920,122.174,749.924,108.000,857.924
-735.750,0.000,-735.750,77.098,106.920,77.098,812.848,0.000,812.848
-735.750,0.000,-735.750,96.791,106.920,96.791,710.612,0.000,710.612
-735.750,0.000,-735.750,36.436,106.920,36.436,772.186,0.000,772.186
-728.608,-7.142,-735.750,15.597,2.442,15.597,674.376,9.584,683.960
-728.568,-7.183,-735.750,73.968,2.426,76.394,802.535,9.609,812.144
-722.260,-13.490,-735.750,31.596,1.567,34.096,663.247,15.057,678.305
-673.436,-62.314,-735.750,31.596,1.248,34.096,574.471,57.853,632.324
-520.286,-215.464,-735.750,31.596,42.240,34.096,444.264,257.704,701.967
-372.264,-363.486,-735.750,31.596,74.288,25.397,323.373,437.774,761.147
0.000,-735.750,-735.750,31.596,54.608,54.608,0.000,790.358,790.358
0.000,-735.750,-735.750,31.596,138.623,138.623,0.000,874.373,874.373
0.000,-735.750,-735.750,31.596,42.067,42.067,0.000,729.616,729.616
0.000,-735.750,-735.750,31.596,37.624,37.624,0.000,661.311,661.311
-22.575,-713.175,-735.750,6.186,18.229,32.332,28.761,640.211,668.972
-17.346,-718.404,-735.750,5.943,18.229,32.332,23.289,695.382,718.670
-79.080,-656.670,-735.750,11.640,37.325,40.014,90.720,609.982,700.703
-244.073,-491.677,-735.750,46.208,29.953,76.161,290.280,521.631,811.911
-366.383,-369.368,-735.750,85.474,80.572,166.046,451.856,449.940,901.796
-367.875,-367.875,-735.750,21.525,27.924,21.308,389.400,367.658,757.058
-337.418,-398.333,-735.750,4.697,27.924,4.593,155.180,398.100,553.280
-223.104,-512.646,-735.750,4.697,27.924,4.593,142.422,447.877,590.299
-62.216,-673.534,-735.750,8.976,27.924,6.057,53.963,594.513,648.476
-67.230,-668.520,-735.750,2.828,98.413,101.240,55.991,535.520,591.511
-159.222,-576.528,-735.750,22.850,98.413,101.240,182.072,469.677,651.748
-435.720,-300.030,-735.750,123.912,98.413,69.102,559.632,245.220,804.852
-695.711,-40.039,-735.750,62.424,98.413,57.471,758.135,35.086,793.222
-735.750,0.000,-735.750,67.414,98.413,67.414,803.164,0.000,803.164
-735.750,0.000,-735.750,6.354,98.413,6.354,733.024,0.000,733.024
-582.202,-153.548,-735.750,119.936,82.116,59.613,559.699,235.664,795.364
-452.292,-283.458,-735.750,5.557,90.611,96.168,457.849,374.069,831.918
-367.875,-367.875,-735.750,10.836,25.563,23.194,365.505,393.438,758.944
-367.875,-367.875,-735.750,0.249,1.725,1.974,368.124,369.600,737.724
-367.875,-367.875,-735.750,0.614,0.018,0.632,368.489,367.893,736.382
-367.875,-367.875,-735.750,1.052,0.018,0.693,368.927,367.516,736.443
-367.875,-367.875,-735.750,0.874,0.018,0.838,368.749,367.839,736.588
-367.875,-367.875,-735.750,0.236,0.019,0.210,368.111,367.849,735.960
-367.875,-367.875,-735.750,0.067,0.216,0.008,367.012,368.091,735.103
-367.875,-367.875,-735.750,0.067,0.242,0.008,366.593,368.117,734.710
-367.875,-367.875,-735.750,0.067,0.242,0.008,367.145,367.739,734.884
-367.875,-367.875,-735.750,0.067,0.229,0.008,366.934,368.104,735.038
